1.250000000000000000e-01 -2.842272400000000289e+03 1.339056000000000040e+03
1.300000000000000044e-01 -2.687129899999999907e+03 1.222362000000000080e+03
1.350000000000000089e-01 -2.545054399999999987e+03 1.118688000000000102e+03
1.400000000000000133e-01 -2.415795900000000529e+03 1.025084000000000060e+03
1.449999999999999900e-01 -2.289625275999999758e+03 9.352032000000000380e+02
1.499999999999999944e-01 -2.184471744000000399e+03 8.583232000000000426e+02
1.549999999999999989e-01 -2.080710000000000036e+03 7.887999999999999545e+02
1.600000000000000033e-01 -1.978076400000000149e+03 7.286240000000001373e+02
1.650000000000000078e-01 -1.886210975000000190e+03 6.751710000000000491e+02
1.700000000000000122e-01 -1.795972475999999915e+03 6.262519999999999527e+02
1.749999999999999889e-01 -1.715878030999999964e+03 5.827079999999999700e+02
1.799999999999999933e-01 -1.637466396000000032e+03 5.410359999999999445e+02
1.849999999999999978e-01 -1.568697100000000319e+03 5.028539999999999850e+02
1.900000000000000022e-01 -1.493216844000000265e+03 4.665412000000000603e+02
1.950000000000000067e-01 -1.434582143999999971e+03 4.353943999999999619e+02
2.000000000000000111e-01 -1.376841071000000056e+03 4.067250000000000227e+02
2.099999999999999922e-01 -1.264099158999999872e+03 3.569177999999999997e+02
2.200000000000000011e-01 -1.155228678999999829e+03 3.163145999999999844e+02
2.300000000000000100e-01 -1.063988735999999790e+03 2.824135999999999740e+02
2.399999999999999911e-01 -9.888339509999999564e+02 2.540437999999999761e+02
2.500000000000000000e-01 -9.162024959999999965e+02 2.286280000000000143e+02
2.600000000000000089e-01 -8.461909510000000409e+02 2.055102000000000260e+02
2.700000000000000178e-01 -7.844224789999999530e+02 1.854996000000000151e+02
2.800000000000000266e-01 -7.302857189999999719e+02 1.681504000000000190e+02
2.899999999999999800e-01 -6.832102560000000722e+02 1.531711999999999989e+02
2.999999999999999889e-01 -6.376029989999999543e+02 1.396492000000000075e+02
3.099999999999999978e-01 -5.984000000000000909e+02 1.279200000000000159e+02
3.200000000000000067e-01 -5.651041589999998678e+02 1.181137999999999977e+02
3.300000000000000155e-01 -5.280780959999999595e+02 1.086624000000000052e+02
3.400000000000000244e-01 -5.012234359999999924e+02 1.008900000000000006e+02
3.499999999999999778e-01 -4.750261189999999374e+02 9.377579999999998961e+01
3.599999999999999867e-01 -4.495038840000000278e+02 8.715959999999999752e+01
3.699999999999999956e-01 -4.246562359999999785e+02 8.106119999999999948e+01
3.800000000000000044e-01 -4.045206239999999411e+02 7.579039999999999111e+01
3.900000000000000133e-01 -3.848499999999999659e+02 7.092000000000000171e+01
4.000000000000000222e-01 -3.656540160000000128e+02 6.635519999999999641e+01
4.199999999999999845e-01 -3.323363960000000361e+02 5.848680000000000234e+01
4.400000000000000022e-01 -3.040536759999999958e+02 5.186999999999999744e+01
4.600000000000000200e-01 -2.803383590000000254e+02 4.633440000000000225e+01
4.799999999999999822e-01 -2.575536310000000526e+02 4.144140000000000157e+01
5.000000000000000000e-01 -2.387979750000000081e+02 3.735500000000000398e+01
5.200000000000000178e-01 -2.207331000000000074e+02 3.367399999999999949e+01
5.400000000000000355e-01 -2.062300310000000252e+02 3.061439999999999984e+01
5.600000000000000533e-01 -1.922059959999999990e+02 2.785559999999999903e+01
5.799999999999999600e-01 -1.786631910000000119e+02 2.537959999999999994e+01
5.999999999999999778e-01 -1.681971839999999929e+02 2.329599999999999937e+01
6.199999999999999956e-01 -1.580374999999999943e+02 2.141999999999999815e+01
6.400000000000000133e-01 -1.481887509999999679e+02 1.969079999999999941e+01
6.600000000000000311e-01 -1.410217110000000105e+02 1.825459999999999994e+01
6.800000000000000488e-01 -1.317170999999999879e+02 1.678999999999999915e+01
6.999999999999999556e-01 -1.249555839999999876e+02 1.559039999999999715e+01
7.199999999999999734e-01 -1.183677750000000088e+02 1.449700000000000166e+01
7.399999999999999911e-01 -1.119555040000000048e+02 1.348320000000000007e+01
7.600000000000000089e-01 -1.057191190000000205e+02 1.254540000000000077e+01
7.800000000000000266e-01 -1.016701109999999915e+02 1.177659999999999840e+01
8.000000000000000444e-01 -9.592361900000000219e+01 1.096758000000000166e+01
8.199999999999999512e-01 -9.148803099999999233e+01 1.028892000000000095e+01
8.399999999999999689e-01 -8.734437499999998522e+01 9.640800000000000480e+00
8.599999999999999867e-01 -8.347945100000001162e+01 9.021900000000000475e+00
8.800000000000000044e-01 -8.005787100000000578e+01 8.476160000000000139e+00
9.000000000000000222e-01 -7.670678399999999897e+01 7.963160000000000238e+00
9.200000000000000400e-01 -7.359800400000000309e+01 7.490479999999999805e+00
9.399999999999999467e-01 -7.072083899999999801e+01 7.055959999999999788e+00
9.599999999999999645e-01 -6.790009100000000331e+01 6.649500000000000632e+00
9.799999999999999822e-01 -6.529677900000000079e+01 6.294019999999999726e+00
1.100000000000000089e+00 -6.278755599999999504e+01 4.948319999999999830e+00
1.199999999999999956e+00 -4.991091600000000028e+01 3.846080000000000609e+00
1.300000000000000044e+00 -4.180520399999999626e+01 3.053839999999999666e+00
1.399999999999999911e+00 -3.453029999999999688e+01 2.469599999999999795e+00
1.500000000000000000e+00 -2.901675599999999733e+01 2.026639999999999997e+00
1.600000000000000089e+00 -2.358932400000000129e+01 1.691279999999999895e+00
1.699999999999999956e+00 -1.889560399999999518e+01 1.426799999999999846e+00
1.800000000000000044e+00 -1.441439999999999877e+01 1.215999999999999970e+00
1.899999999999999911e+00 -9.894943999999998852e+00 1.045800000000000063e+00
2.200000000000000178e+00 -8.200763999999999498e+00 1.762559999999999905e+00
2.299999999999999822e+00 -6.289996000000000365e+00 2.042159999999999975e+00
2.399999999999999911e+00 -4.124736000000000402e+00 2.577920000000000211e+00
2.500000000000000000e+00 -2.546543999999999919e+00 3.370880000000000098e+00
2.600000000000000089e+00 -1.683051999999999992e+00 4.461263999999999896e+00
2.700000000000000178e+00 -1.374240000000000350e+00 5.264791999999999916e+00
2.799999999999999822e+00 -1.185371999999999204e+00 5.948095999999999606e+00
2.899999999999999911e+00 -1.152143999999999391e+00 6.270080000000000098e+00
3.000000000000000000e+00 -1.157268000000000185e+00 6.406575999999999382e+00
3.100000000000000089e+00 -1.076972000000000484e+00 6.486095999999999862e+00
3.200000000000000178e+00 -9.458199999999998830e-01 6.481727999999999490e+00
3.299999999999999822e+00 -7.564199999999998703e-01 6.465151999999999788e+00
3.399999999999999911e+00 -5.223880000000007406e-01 6.390384000000000064e+00
3.500000000000000000e+00 -3.875040000000002927e-01 6.431040000000000312e+00
3.600000000000000089e+00 -2.889600000000003277e-01 6.520072000000000756e+00
3.700000000000000178e+00 -2.267960000000002196e-01 6.688560000000000727e+00
3.799999999999999822e+00 -1.999079999999993085e-01 6.850944000000000145e+00
3.899999999999999911e+00 -2.396159999999993850e-01 7.006719999999999615e+00
4.000000000000000000e+00 -3.221559999999992208e-01 7.012559999999999683e+00
4.099999999999999645e+00 -4.030559999999998588e-01 6.958079999999999821e+00
4.200000000000000178e+00 -5.245479999999997922e-01 6.812736000000000125e+00
4.299999999999999822e+00 -5.754359999999998365e-01 6.619599999999999262e+00
4.400000000000000355e+00 -6.858239999999997671e-01 6.361159999999999037e+00
4.500000000000000000e+00 -7.140000000000008562e-01 6.104192000000000284e+00
4.599999999999999645e+00 -7.660799999999996501e-01 5.823112000000000954e+00
4.700000000000000178e+00 -7.925400000000002443e-01 5.516128000000000142e+00
4.799999999999999822e+00 -7.934879999999999711e-01 5.257984000000000435e+00
4.900000000000000355e+00 -6.631039999999996937e-01 5.060039999999999871e+00
5.000000000000000000e+00 -4.742399999999999949e-01 4.855647999999999520e+00
5.099999999999999645e+00 -3.436160000000003656e-01 4.700040000000000440e+00
5.200000000000000178e+00 -2.416000000000004810e-01 4.557000000000000384e+00
5.299999999999999822e+00 -1.426560000000001160e-01 4.415239999999999831e+00
5.400000000000000355e+00 -7.036800000000020816e-02 4.298023999999999845e+00
5.500000000000000000e+00 2.893999999999996575e-02 4.187567999999999735e+00
5.599999999999999645e+00 6.864000000000025636e-02 4.089512000000000036e+00
5.700000000000000178e+00 1.413000000000002032e-01 3.991887999999999437e+00
5.799999999999999822e+00 1.901279999999996306e-01 3.906496000000000191e+00
5.900000000000000355e+00 2.653439999999995802e-01 3.815240000000000187e+00
6.000000000000000000e+00 3.164479999999998405e-01 3.714264000000000010e+00
6.198999999999999844e+00 5.601040000000001573e-01 3.467610000000000525e+00
6.357999999999999652e+00 6.588760000000000172e-01 3.332159999999999567e+00
6.525999999999999801e+00 7.481040000000003243e-01 3.239290000000000003e+00
6.701999999999999957e+00 8.539149999999999796e-01 3.192587999999999759e+00
6.887999999999999901e+00 9.836749999999998550e-01 3.189899999999999736e+00
7.084999999999999964e+00 1.105099999999999971e+00 3.209999999999999964e+00
7.293000000000000149e+00 1.162460999999999745e+00 3.250659999999999883e+00
7.514000000000000234e+00 1.091495000000000326e+00 3.305231999999999726e+00
7.748999999999999666e+00 9.760530000000000594e-01 3.280396000000000534e+00
7.998999999999999666e+00 8.748359999999997250e-01 3.213200000000000056e+00
8.266000000000000014e+00 7.991569999999998952e-01 3.127476000000000145e+00
8.551000000000000156e+00 7.350749999999997009e-01 3.018707999999999725e+00
8.855999999999999872e+00 7.004160000000001496e-01 2.915840000000000209e+00
8.919999999999999929e+00 6.975360000000001559e-01 2.891569999999999752e+00
8.983999999999999986e+00 6.925310000000004518e-01 2.870099999999999874e+00
9.050000000000000711e+00 6.896609999999998575e-01 2.846020000000000216e+00
9.117000000000000881e+00 6.814350000000002350e-01 2.817827999999999999e+00
9.183999999999999275e+00 6.743889999999999052e-01 2.799300000000000122e+00
9.253000000000000114e+00 6.715590000000004611e-01 2.775519999999999765e+00
9.321999999999999176e+00 6.728849999999997333e-01 2.746548000000000211e+00
9.393000000000000682e+00 6.721000000000001418e-01 2.720352000000000103e+00
9.464999999999999858e+00 6.692400000000000571e-01 2.696901999999999688e+00
9.537000000000000810e+00 6.704640000000001709e-01 2.668320000000000025e+00
9.611000000000000654e+00 6.661270000000003577e-01 2.652336000000000027e+00
9.685999999999999943e+00 6.658560000000002255e-01 2.631200000000000205e+00
9.762999999999999901e+00 6.670000000000000373e-01 2.602949999999999431e+00
9.839999999999999858e+00 6.641000000000001346e-01 2.580000000000000071e+00
9.919000000000000483e+00 6.631889999999996954e-01 2.554579999999999629e+00
1.000000000000000000e+01 6.642310000000001269e-01 2.526720000000000077e+00
1.008000000000000007e+01 6.613009999999999167e-01 2.504099999999999770e+00
1.016000000000000014e+01 6.622750000000000581e-01 2.476500000000000146e+00
1.025000000000000000e+01 6.651359999999998385e-01 2.446509999999999518e+00
1.033000000000000007e+01 6.621560000000001889e-01 2.424239999999999728e+00
1.041999999999999993e+01 6.629999999999997007e-01 2.397049999999999681e+00
1.050999999999999979e+01 6.600000000000000311e-01 2.375000000000000000e+00
1.059999999999999964e+01 6.676450000000003770e-01 2.349347999999999992e+00
1.068999999999999950e+01 6.683389999999999054e-01 2.322540000000000049e+00
1.077999999999999936e+01 6.615450000000002717e-01 2.305768000000000484e+00
1.088000000000000078e+01 6.584949999999999415e-01 2.284127999999999936e+00
1.097000000000000064e+01 6.578999999999999293e-01 2.264432000000000222e+00
1.107000000000000028e+01 6.652290000000002923e-01 2.239300000000000068e+00
1.116999999999999993e+01 6.730800000000002337e-01 2.218522000000000105e+00
1.126999999999999957e+01 6.832839999999997804e-01 2.199600000000000222e+00
1.136999999999999922e+01 6.909509999999998708e-01 2.178920000000000190e+00
1.148000000000000043e+01 7.002989999999997828e-01 2.155860000000000110e+00
1.158999999999999986e+01 7.126399999999998291e-01 2.138808000000000042e+00
1.169999999999999929e+01 7.241890000000000827e-01 2.117580000000000240e+00
1.181000000000000050e+01 7.328640000000000709e-01 2.105410000000000004e+00
1.191999999999999993e+01 7.366250000000001963e-01 2.089800000000000324e+00
1.203999999999999915e+01 7.437600000000001987e-01 2.069377999999999940e+00
1.216000000000000014e+01 7.449959999999999916e-01 2.052159999999999762e+00
1.227999999999999936e+01 7.478850000000003551e-01 2.032588000000000061e+00
1.240000000000000036e+01 7.411039999999999850e-01 2.006399999999999739e+00
1.251999999999999957e+01 7.255389999999999340e-01 1.977779999999999871e+00
1.265000000000000036e+01 7.101239999999999775e-01 1.949359999999999760e+00
1.277999999999999936e+01 6.915709999999998248e-01 1.925819999999999865e+00
1.291999999999999993e+01 6.725200000000002287e-01 1.898441999999999963e+00
1.305000000000000071e+01 6.490909999999997515e-01 1.867979999999999752e+00
1.318999999999999950e+01 6.243450000000000388e-01 1.839992000000000072e+00
1.333000000000000007e+01 6.021599999999998065e-01 1.813778000000000112e+00
1.348000000000000043e+01 5.824640000000000928e-01 1.789320000000000244e+00
1.361999999999999922e+01 5.683990000000000986e-01 1.762200000000000211e+00
1.377999999999999936e+01 5.512960000000001193e-01 1.739640000000000297e+00
1.392999999999999972e+01 5.375510000000000010e-01 1.712880000000000180e+00
1.408999999999999986e+01 5.223789999999999267e-01 1.688460000000000072e+00
1.425000000000000000e+01 5.110649999999998805e-01 1.663648000000000016e+00
1.441999999999999993e+01 5.004089999999998817e-01 1.642679999999999918e+00
1.458999999999999986e+01 4.976790000000000935e-01 1.624400000000000066e+00
1.475999999999999979e+01 4.907809999999999118e-01 1.603140000000000009e+00
1.493999999999999950e+01 4.901439999999998021e-01 1.586609999999999854e+00
1.511999999999999922e+01 4.910079999999996669e-01 1.568093999999999877e+00
1.531000000000000050e+01 4.953959999999999475e-01 1.549120000000000053e+00
1.550000000000000000e+01 5.038159999999999306e-01 1.533209999999999962e+00
1.568999999999999950e+01 5.106629999999999781e-01 1.519384000000000068e+00
1.590000000000000036e+01 5.238840000000000163e-01 1.500879999999999992e+00
1.610000000000000142e+01 5.404409999999999492e-01 1.481759999999999744e+00
1.630999999999999872e+01 5.525309999999999944e-01 1.468779999999999974e+00
1.653000000000000114e+01 5.714729999999997867e-01 1.454463999999999757e+00
1.675000000000000000e+01 5.916350000000001330e-01 1.446971999999999925e+00
1.698000000000000043e+01 6.096640000000002058e-01 1.437959999999999905e+00
1.721999999999999886e+01 6.332750000000000323e-01 1.438500000000000112e+00
1.746000000000000085e+01 6.612000000000000099e-01 1.441600000000000215e+00
1.771000000000000085e+01 6.959409999999999208e-01 1.457699999999999996e+00
1.796999999999999886e+01 7.213439999999999852e-01 1.479680000000000106e+00
1.823000000000000043e+01 7.534799999999999276e-01 1.521018000000000203e+00
1.851000000000000156e+01 7.839890000000000470e-01 1.561499999999999888e+00
1.878999999999999915e+01 8.095999999999998753e-01 1.595999999999999863e+00
1.907000000000000028e+01 8.299250000000000238e-01 1.640099999999999891e+00
1.937000000000000099e+01 8.057490000000000485e-01 1.689219999999999944e+00
1.967999999999999972e+01 7.669090000000000629e-01 1.729500000000000037e+00
2.000000000000000000e+01 7.204159999999997233e-01 1.764839999999999964e+00
2.032999999999999829e+01 6.539309999999998180e-01 1.803059999999999885e+00
2.066000000000000014e+01 5.778000000000000913e-01 1.809737999999999847e+00
2.101000000000000156e+01 4.883250000000000091e-01 1.801099999999999923e+00
2.137999999999999901e+01 4.040610000000000035e-01 1.776619999999999866e+00
2.175000000000000000e+01 3.219840000000000479e-01 1.737400000000000055e+00
2.214000000000000057e+01 2.511210000000000386e-01 1.670559999999999823e+00
2.253999999999999915e+01 1.969000000000000750e-01 1.595999999999999863e+00
2.296000000000000085e+01 1.566000000000001835e-01 1.509749999999999925e+00
2.339000000000000057e+01 1.600749999999999673e-01 1.415100000000000025e+00
2.383999999999999986e+01 2.127839999999999732e-01 1.290559999999999929e+00
2.430999999999999872e+01 2.565749999999999975e-01 1.195399999999999796e+00
2.480000000000000071e+01 3.064749999999998864e-01 1.096500000000000030e+00
2.530000000000000071e+01 3.557159999999999211e-01 1.015199999999999880e+00
2.582999999999999829e+01 3.964909999999999823e-01 9.559799999999998299e-01
2.600000000000000000e+01 3.417749999999999955e-01 1.216768000000000072e+00
2.637999999999999901e+01 4.307209999999998540e-01 9.370800000000000241e-01
2.700000000000000000e+01 3.977999999999999869e-01 1.136649999999999938e+00
2.800000000000000000e+01 4.433520000000000238e-01 1.093814000000000064e+00
2.900000000000000000e+01 4.602240000000000220e-01 1.084189999999999987e+00
2.950000000000000000e+01 4.487990000000000590e-01 1.081800000000000095e+00
3.000000000000000000e+01 4.231600000000000916e-01 1.069722000000000062e+00
3.050000000000000000e+01 3.956990000000000229e-01 1.045739999999999892e+00
3.100000000000000000e+01 3.689850000000000074e-01 1.014391999999999960e+00
3.200000000000000000e+01 3.231250000000001066e-01 9.176999999999999602e-01
3.300000000000000000e+01 3.447360000000000979e-01 8.044300000000000894e-01
3.400000000000000000e+01 3.831120000000001191e-01 7.369339999999999780e-01
3.500000000000000000e+01 4.203679999999999639e-01 6.874740000000000295e-01
3.600000000000000000e+01 4.464000000000000190e-01 6.508079999999999421e-01
3.700000000000000000e+01 4.680630000000000068e-01 6.162160000000000970e-01
3.800000000000000000e+01 4.880400000000000293e-01 5.869220000000000548e-01
3.900000000000000000e+01 5.042400000000001326e-01 5.598579999999999668e-01
4.000000000000000000e+01 5.204690000000000705e-01 5.310600000000000875e-01
4.100000000000000000e+01 5.379120000000000568e-01 5.065660000000000718e-01
4.200000000000000000e+01 5.546070000000000721e-01 4.872239999999999904e-01
4.300000000000000000e+01 5.659850000000000714e-01 4.712879999999999847e-01
4.400000000000000000e+01 5.717250000000000387e-01 4.551479999999999970e-01
4.500000000000000000e+01 5.751250000000001084e-01 4.347000000000000308e-01
4.600000000000000000e+01 5.835090000000000554e-01 4.089400000000000257e-01
4.700000000000000000e+01 5.978370000000000628e-01 3.850839999999999819e-01
4.800000000000000000e+01 6.119709999999999317e-01 3.662999999999999590e-01
4.900000000000000000e+01 6.286719999999998976e-01 3.497459999999999458e-01
5.000000000000000000e+01 6.439679999999999849e-01 3.378239999999999577e-01
5.200000000000000000e+01 6.678209999999998869e-01 3.188199999999999923e-01
5.400000000000000000e+01 6.867039999999999811e-01 3.052799999999999958e-01
5.600000000000000000e+01 7.034949999999999815e-01 2.927520000000000122e-01
5.800000000000000000e+01 7.137649999999999828e-01 2.858519999999999950e-01
6.000000000000000000e+01 7.185249999999999693e-01 2.796120000000000272e-01
6.200000000000000000e+01 7.135449999999999848e-01 2.680079999999999685e-01
6.400000000000000000e+01 7.128400000000000292e-01 2.519579999999999598e-01
6.600000000000000000e+01 7.142399999999999860e-01 2.328320000000000112e-01
6.800000000000000000e+01 7.156489999999999796e-01 2.120400000000000063e-01
7.000000000000000000e+01 7.219050000000000189e-01 1.919679999999999997e-01
7.200000000000000000e+01 7.331039099999999697e-01 1.718828000000000022e-01
7.400000000000000000e+01 7.465677099999999955e-01 1.611125999999999947e-01
7.600000000000000000e+01 7.545425899999999020e-01 1.520766000000000062e-01
7.800000000000000000e+01 7.589337600000000128e-01 1.431499999999999995e-01
8.000000000000000000e+01 7.652289599999999581e-01 1.320512000000000075e-01
8.200000000000000000e+01 7.715097600000000444e-01 1.201683999999999947e-01
8.300000000000000000e+01 7.771919099999999858e-01 1.154503999999999947e-01
8.350000000000000000e+01 7.791673100000000574e-01 1.127490000000000159e-01
8.400000000000000000e+01 7.845371100000000375e-01 1.124207999999999874e-01
8.450000000000000000e+01 7.842668400000000206e-01 1.161504000000000009e-01
8.500000000000000000e+01 7.825699600000000089e-01 1.149551999999999935e-01
8.600000000000000000e+01 7.812383099999999914e-01 1.086236000000000007e-01
8.700000000000000000e+01 7.834512400000001042e-01 1.021823999999999927e-01
8.750000000000000000e+01 7.854303599999999941e-01 9.910080000000000278e-02
8.800000000000000000e+01 7.872518400000000360e-01 9.850119999999999709e-02
1.000000000000000000e+02 7.882598400000000449e-01 8.072120000000000684e-02
1.050000000000000000e+02 8.087539100000000758e-01 6.353999999999999926e-02
1.100000000000000000e+02 8.291201099999999657e-01 5.156260000000000010e-02
1.200000000000000000e+02 8.627241600000000732e-01 3.307240000000000180e-02
1.500000000000000000e+02 9.272669899999999021e-01 1.945259999999999698e-02
1.800000000000000000e+02 9.583265100000000203e-01 2.095059999999999978e-02
2.000000000000000000e+02 9.661567500000000086e-01 2.260900000000000062e-02
2.200000000000000000e+02 9.720567599999999642e-01 2.326959999999999792e-02
2.600000000000000000e+02 9.760316399999999781e-01 2.094559999999999825e-02
3.000000000000000000e+02 9.820008974999999696e-01 1.773889999999999842e-02
3.953999999999999773e+02 9.904847399999999746e-01 1.224157499999999933e-02
4.521999999999999886e+02 9.918194364000000318e-01 1.215022400000000113e-02
5.003000000000000114e+02 9.919846399999999731e-01 1.115520000000000053e-02
5.248999999999999773e+02 9.924800000000000288e-01 7.491724800000000226e-03
5.728999999999999773e+02 9.930439878999999248e-01 5.680163999999999699e-03
6.375000000000000000e+02 9.933040401000000630e-01 5.342044000000000653e-03
7.048999999999999773e+02 9.941630508000000033e-01 4.666334399999999549e-03
7.763999999999999773e+02 9.946836159999999927e-01 3.710104800000000366e-03
8.515000000000000000e+02 9.951833431999999036e-01 3.132432599999999869e-03
9.293999999999999773e+02 9.957629815000000884e-01 2.454784800000000058e-03
1.012000000000000000e+03 9.964023563999999666e-01 1.876616000000000005e-03
1.188000000000000000e+03 9.974213800110000028e-01 1.064624860000000159e-03
1.254000000000000000e+03 9.977011288999999561e-01 8.789880000000000349e-04
1.487000000000000000e+03 9.981707411250000384e-01 6.194326999999999689e-04
1.550000000000000000e+03 9.983126410470000156e-01 5.335493040000000020e-04
1.771000000000000000e+03 9.987903378010000166e-01 3.357967200000000181e-04
2.066000000000000000e+03 9.992741220075600506e-01 1.975282711999999945e-04
2.480000000000000000e+03 9.994120307399999570e-01 4.718612319999999547e-04
3.100000000000000000e+03 9.995380389610000194e-01 2.399445600000000038e-04
3.542000000000000000e+03 9.995880342095099236e-01 1.813626315999999916e-04
4.133000000000000000e+03 9.996620258047500540e-01 1.049822550000000031e-04
4.959000000000000000e+03 9.997580138847499409e-01 5.499334499999999719e-05
6.199000000000000000e+03 9.998460057727499573e-01 2.499807500000000206e-05
7.085000000000000000e+03 9.998840033034716024e-01 1.555909752000000099e-05
8.266000000000000000e+03 9.999160017435695380e-01 9.039620319999999834e-06
8.551000000000000000e+03 9.999220015048395638e-01 8.039686439999999383e-06
9.184000000000000000e+03 9.999340010792031608e-01 6.259793420000000884e-06
9.919000000000000000e+03 9.999440007782878226e-01 4.779866159999999820e-06
